+5493644255578
+5493644152020
+5493644358642
+5493644407499
+5493644368123
+5493644382251
+5493644401263
+5493644100992
+5493644370098
+5493644336716
+5493644339635
+5493644389736
+5493644407508
+5493644101702
+5493644132872
+5493644138332
+5493644227110
+5493644333321
+5493644363162
+5493644365589
+5493644122979
+5493644104871
+5493644133685
+5493644183094
+5493644339858
+5493644372085
+5493644112341
+5493644128935
+5493644354792
+5493644186004
+5493644222160
+5493644354666
+5493644324150
+5493644174414
+5493644365076
+5493644371779
+5493644132495
+5493644327624
+5493644119226
+5493644188033
+5493644136240
+5493644136822
+5493644285542
+5493644100210
+5493644131005
+5493644169181
+5493644103608
+5493644100984
+5493644110318
+5493644130901
+5493644221095
+5493644358033
+5493644374818
+5493644381125
+5493644231910
+5493644179902
+5493644183398
+5493644409800
+5493644190099
+5493644372459
+5493644326331
+5493644381676
+5493644290740
+5493644176996
+5493644346323
+5493644173612
+5493644372058
+5493644407179
+5493644114726
+5493644440763
+5493644145649
+5493644267555
+5493644296886
+5493644161689
+5493644117609
+5493644341134
+5493644386388
+5493644381540
+5493644167362
+5493644387741
+5493644400138
+5493644229896
+5493644113996
+5493644362967
+5493644186110
+5493644336793
+5493644102613
+5493644274732
+5493644100961
+5493644125295
+5493644183837
+5493644324376
+5493644343420
+5493644268855
+5493644119610
+5493644366880
+5493644299240
+5493644103226
+5493644110200
+5493644357344
+5493644367300
+5493644139061
+5493644174446
+5493644341114
+5493644108260
+5493644138953
+5493644131268
+5493644333374
+5493644385330
+5493644344363
+5493644177025
+5493644223679
+5493735501174
+5493644151115
+5493644233117
+5493644320063
+5493644400024
+5493644443253
+5493644107002
+5493644332561
+5493644167814
+5493644336403
+5493644221251
+5493644118532
+5493644323546
+5493644124768
+5493644183048
+5493644174455
+5493644118982
+5493644115337
+5493644140814
+5493644155860
+5493644284676
+5493644355546
+5493644115731
+5493644401806
+5493644225537
+5493644112744
+5493644193236
+5493644414404
+5493644130144
+5493644189222
+5493644402092
+5493644337226
+5493644126288
+5493644100165
+5493644350965
+5493644311651
+5493644104109
+5493644183428
+5493644317552
+5493644107397
+5493644342164
+5493644152267
+5493644408493
+5493644337172
+5493644165122
+5493644402696
+5493644269919
+5493644383677
+5493644339819
+5493644132358
+5493644339250
+5493644195684
+5493644156080
+5493644412047
+5493644188382
+5493644373266
+5493644156777
+5493644360326
+5493644156181
+5493644340086
+5493644107400
+5493644402252
+5493644379766
+5493644120127
+5493644145638
+5493644285299
+5493644156880
+5493644122913
+5493644109108
+5493644155900
+5493644408142
+5493644367246
+5493644400108
+5493644195100
+5493644190808
+5493644368250
+5493644354304
+5493644387224
+5493644195537
+5493644311770
+5493644402492
+5493644271544
+5493644156571
+5493644166753
+5493644369824
+5493644332999
+5493644119311
+5493644224212
+5493644157548
+5493644326194
+5493644334819
+5493644173679
+5493644302843
+5493644333284
+5493644131231
+5493644155882
+5493644225844
+5493644351264
+5493644173774
+5493644303101
+5493644357750
+5493644114056
+5493644389803
+5493644177053
+5493644339417
+5493644195259
+5493644358963
+5493644122828
+5493644117935
+5493644187816
+5493644407104
+5493644338422
+5493644119506
+5493644140242
+5493644142159
+5493644284455
+5493644160320
+5493644387338
+5493644356563
+5493644410784
+5493644368165
+5493644336120
+5493644167547
+5493644351709
+5493644366929
+5493644404584
+5493644110777
+5493644366174
+5493644138364
+5493644406024
+5493644351446
+5493644184477
+5493644167733
+5493644299183
+5493644310226
+5493644360546
+5493644403762
+5493644324852
+5493644138042
+5493644107117
+5493644129861
+5493644132546
+5493644314502
+5493644331053
+5493644387057
+5493644124138
+5493644147795
+5493644344585
+5493644142380
+5493644341970
+5493644351544
+5493644379627
+5493644381278
+5493644162121
+5493644324972
+5493644348511
+5493644378177
+5493644222958
+5493644189081
+5493644402087
+5493644156603
+5493644297660
+5493644367857
+5493644296147
+5493644110077
+5493644359962
+5493644376868
+5493644369881
+5493644339882
+5493644107807
+5493644232842
+5493644364387
+5493644157282
+5493644132390
+5493644445195
+5493644377484
+5493644131069
+5493644158869
+5493644101000
+5493644188507
+5493644103981
+5493644381995
+5493644157642
+5493644221814
+5493644380364
+5493644352047
+5493644325364
+5493644368162
+5493644345344
+5493644440364
+5493644387254
+5493644104364
+5493644133031
+5493644323565
+5493644350528
+5493794051686
+5493644160364
+5493644132512
+5493644403043
+5493644123609
+5493644407039
+5493644374336
+5493644389531
+5493644195494
+5493644101823
+5493644370008
+5493644325712
+5493644285276
+5493644122237
+5493644369385
+5493644130663
+5493644197931
+5493644401033
+5493644225407
+5493644419497
+5493644408580
+5493644348208
+5493644380875
+5493644169267
+5493644323372
+5493644321751
+5493644103497
+5493644178045
+5493644401702
+5493644407247
+5493644230296
+5493644409611
+5493644226381
+5493644440811
+5493644166760
+5493644192934
+5493644324803
+5493644363118
+5493644349261
+5493644185927
+5493644173664
+5493644162524
+5493644157626
+5493644401052
+5493644339767
+5493644100611
+5493644295488
+5493644338190
+5493644352177
+5493644333698
+5493644360448
+5493644334778
+5493644166455
+5493644173215
+5493644401251
+5493644440666
+5493644169204
+5493644443833
+5493644359743
+5493644117095
+5493644384981
+5493644122765
+5493644132740
+5493644368313
+5493644383907
+5493644338552
+5493644356561
+5493644120652
+5493644384173
+5493644325909
+5493644167692
+5493644310238
+5493644410912
+5493644116396
+5493644379730
+5493644100317
+5493644362550
+5493644198116
+5493644142166
+5493644183132
+5493644389748
+5493644401818
+5493644366738
+5493644183387
+5493644166625
+5493644149192
+5493644176570
+5493644195647
+5493644384331
+5493644132416
+5493644335860
+5493644383778
+5493644365580
+5493644157490
+5493644171956
+5493644418621
+5493644100945
+5493644108659
+5493644387573
+5493644328791
+5493644370154
+5493644327429
+5493644129113
+5493644326969
+5493644199818
+5493644125738
+5493644359289
+5493644157081
+5493644366666
+5493644228906
+5493644444101
+5493644400857
+5493644177030
+5493644285278
+5493644359963
+5493644330705
+5493644321687
+5493644160374
+5493644302546
+5493644341969
+5493644379697
+5493644145622
+5493644364374
+5493644335822
+5493644337315
+5493644286646
+5493644339019
+5493644440208
+5493644132520
+5493644234799
+5493644145179
+5493644379215
+5493644101827
+5493644127261
+5493644128884
+5493644167579
+5493644301990
+5493644148872
+5493644122862
+5493644189833
+5493644353405
+5493644410085
+5493644347856
+5493644440416
+5493644400664
+5493644116670
+5493644164954
+5493644382714
+5493644337237
+5493644359612
+5493644440075
+5493644192073
+5493644335757
+5493644107940
+5493644147939
+5493644190425
+5493644395495
+5493644166255
+5493644407727
+5493644381370
+5493644381854
+5493644136349
+5493644368403
+5493644309888
+5493644221374
+5493644294558
+5493644400376
+5493644330305
+5493644356721
+5493644167800
+5493644367678
+5493644408258
+5493644141171
+5493644110047
+5493644369747
+5493644155650
+5493644299245
+5493644285295
+5493644360401
+5493644440776
+5493644320711
+5493644132533
+5493644408853
+5493644409784
+5493644298200
+5493644340798
+5493644154581
+5493644285570
+5493644369935
+5493644145271
+5493644191480
+5493644336466
+5493644136205
+5493644357178
+5493644385917
+5493644112401
+5493644145610
+5493644169037
+5493644352115
+5493644130542
+5493644389634
+5493644373452
+5493644121941
+5493644353388
+5493644412368
+5493644412503
+5493644370056
+5493644418681
+5493644299215
+5493644378203
+5493644265910
+5493644109102
+5493644198897
+5493644183680
+5493644285096
+5493644357737
+5493644405720
+5493644220637
+5493644106826
+5493644386989
+5493644183921
+5493644409387
+5493644341275
+5493644414679
+5493644364489
+5493644385238
+5493644418559
+5493644363824
+5493644147095
+5493644344349
+5493644133037
+5493644383649
+5493644160029
+5493644187898
+5493644443666
+5493644344135
+5493644343583
+5493644198007
+5493644103444
+5493644176544
+5493644336914
+5493644115744
+5493644197959
+5493644357223
+5493644362836
+5493644374523
+5493644444887
+5493644358865
+5493644354355
+5493644363500
+5493644445166
+5493644409420
+5493644360743
+5493644138290
+5493644337279
+5493644169034
+5493644104220
+5493644103770
+5493644110278
+5493644130929
+5493644402611
+5493644379727
+5493644402897
+5493644419289
+5493644313876
+5493644109155
+5493644197962
+5493644268295
+5493644230942
+5493644284043
+5493644142207
+5493644371845
+5493644417985
+5493644232496
+5493644323674
+5493644418906
+5493644331187
+5493644108603
+5493644330019
+5493644376219
+5493644357207
+5493644170912
+5493644389356
+5493644116162
+5493644327620
+5493644115809
+5493644343651
+5493644123004
+5493644343888
+5493644362893
+5493644184301
+5493644400653
+5493644404860
+5493644408531
+5493644397605
+5493644400115
+5493644128577
+5493644408024
+5493644406471
+5493644270214
+5493644131037
+5493644130823
+5493644168961
+5493644138797
+5493644357931
+5493644403342
+5493644312468
+5493644419749
+5493644142320
+5493644221825
+5493644381393
+5493644142197
+5493644100551
+5493644444794
+5493644341030
+5493644370719
+5493644321976
+5493644223102
+5493644358788
+5493644361960
+5493644323581
+5493644192735
+5493644354176
+5493644265833
+5493644406734
+5493644117621
+5493644348460
+5493644266186
+5493644329503
+5493644320573
+5493644345828
+5493644171308
+5493644188508
+5493644220401
+5493644131061
+5493644231273
+5493644361803
+5493644410702
+5493644384613
+5493644174450
+5493644177022
+5493644115178
+5493644195616
+5493644100716
+5493644114196
+5493644191494
+5493644233816
+5493644330012
+5493644443823
+5493644406509
+5493644228152
+5493644158334
+5493644110756
+5493644183854
+5493644326220
+5493644405473
+5493644378963
+5493644110792
+5493644132923
+5493644128937
+5493644333302
+5493644381801
+5493644140791
+5493644409458
+5493644185852
+5493644409047
+5493644173629
+5493644359129
+5493644169237
+5493644401954
+5493644122986
+5493644327010
+5493644374369
+5493644332732
+5493644373732
+5493644337258
+5493644128047
+5493644206202
+5493644234213
+5493644195766
+5493644400102
+5493644350664
+5493644419842
+5493644174690
+5493644132337
+5493644136358
+5493644139009
+5493644357957
+5493644113424
+5493644320220
+5493644384572
+5493644379564
+5493644177071
+5493644291040
+5493644364185
+5493644381031
+5493644402572
+5493644110312
+5493644234237
+5493644148840
+5493644400387
+5493644195640
+5493644400735
+5493644195542
+5493644359994
+5493644353380
+5493644167204
+5493644183906
+5493644371712
+5493644129068
+5493644403644
+5493644445456
+5493644381365
+5493644445119
+5493644166438
+5493644299440
+5493644400810
+5493644225614
+5493644114214
+5493644149211
+5493644321543
+5493644380105
+5493644126040
+5493644341250
+5493644153376
+5493644229072
+5493644343975
+5493644220566
+5493644135228
+5493644347714
+5493644285848
+5493644174650
+5493644148955
+5493644356783
+5493644383678
+5493644110922
+5493644149313
+5493644129009
+5493644153087
+5493644386284
+5493644113941
+5493644310539
+5493644138035
+5493644328518
+5493644151925
+5493644189333
+5493644336946
+5493644389075
+5493644353272
+5493644157499
+5493644354857
+5493644362770
+5493644224851
+5493644353635
+5493644119676
+5493644371715
+5493644133177
+5493644114249
+5493644183379
+5493644362111
+5493644371879
+5493644233494
+5493644197014
+5493644221175
+5493644386541
+5493644353625
+5493644386971
+5493644187697
+5493644121030
+5493644387009
+5493644347356
+5493644148664
+5493644303657
+5493644132764
+5493644167936
+5493644181261
+5493644339753
+5493644358225
+5493644123777
+5493644197912
+5493644123037
+5493644109094
+5493644378848
+5493644440538
+5493644116929
+5493644166730
+5493644330496
+5493644440608
+5493644408639
+5493644158141
+5493644149199
+5493644187932
+5493644333716
+5493644406464
+5493644354230
+5493644148118
+5493644224624
+5493644111804
+5493644129758
+5493644337754
+5493644330686
+5493644173895
+5493644383950
+5493644265663
+5493644419969
+5493644174727
+5493644323807
+5493644295596
+5493644120200
+5493644296917
+5493644335800
+5493644354807
+5493644355314
+5493644167832
+5493644366223
+5493644137425
+5493644361233
+5493644366757
+5493644344615
+5493644182532
+5493644103645
+5493644185992
+5493644122985
+5493644105903
+5493644121670
+5493644338898
+5493644377289
+5493644117419
+5493644440277
+5493644343674
+5493644106534
+5493644317762
+5493644341678
+5493644380861
+5493644402232
+5493644155475
+5493644325618
+5493644287107
+5493644338554
+5493644136338
+5493644159693
+5493644401664
+5493644159958
+5493644169754
+5493644118358
+5493644183431
+5493644336781
+5493644360535
+5493644369055
+5493644412879
+5493644368687
+5493644268253
+5493644354877
+5493644368092
+5493644106832
+5493644329657
+5493644335758
+5493644354845
+5493644334421
+5493644408138
+5493644177065
+5493644268949
+5493644230950
+5493644338063
+5493644400047
+5493644379665
+5493644131125
+5493644107089
+5493644351531
+5493644382878
+5493644298173
+5493644336979
+5493644364575
+5493644383544
+5493644233514
+5493644382645
+5493644111496
+5493644361712
+5493644273648
+5493644350904
+5493644367738
+5493644108301
+5493644129955
+5493644187029
+5493644356376
+5493644145668
+5493644359730
+5493644404819
+5493644278653
+5493644294150
+5493644331560
+5493644335027
+5493644404500
+5493644402214
+5493644106987
+5493644302243
+5493644230559
+5493644401656
+5493644354622
+5493644125474
+5493644339774
+5493644445297
+5493644183882
+5493644354397
+5493644295459
+5493644337924
+5493644192184
+5493644364468
+5493644112469
+5493644347001
+5493644102699
+5493644348498
+5493644130487
+5493644362241
+5493644418731
+5493644142179
+5493644149802
+5493644163151
+5493644329711
+5493644142178
+5493644419196
+5493644337824
+5493644177477
+5493644320587
+5493644101374
+5493644151496
+5493644136695
+5493644364627
+5493644107217
+5493644131060
+5493644111730
+5493644404790
+5493644409729
+5493644335959
+5493644445640
+5493644198141
+5493644348844
+5493644190847
+5493644185501
+5493644115663
+5493644220039
+5493644121412
+5493644345357
+5493644412552
+5493644412981
+5493644277402
+5493644351828
+5493644334094
+5493644376908
+5493644173564
+5493644114315
+5493644408413
+5493644142170
+5493644312612
+5493644331585
+5493644351511
+5493644413097
+5493644173651
+5493644109851
+5493644323104
+5493644335625
+5493644337161
+5493644371384
+5493644444166
+5493644131236
+5493644369720
+5493644324381
+5493644364872
+5493644266972
+5493644233292
+5493644195211
+5493644408952
+5493644140641
+5493644400730
+5493644365347
+5493644440791
+5493644443424
+5493644372929
+5493644187254
+5493644158501
+5493644313889
+5493644342606
+5493644112023
+5493644166761
+5493644389622
+5493644330501
+5493644308426
+5493644401017
+5493644130347
+5493644166745
+5493644119567
+5493644101812
+5493644196920
+5493644293737
+5493644324782
+5493644109640
+5493644131042
+5493644186900
+5493644299239
+5493644359643
+5493644360970
+5493644360210
+5493644302235
+5493644339360
+5493644222056
+5493644389336
+5493644368821
+5493644362723
+5493644362583
+5493644117459
+5493644272740
+5493644325453
+5493644232969
+5493644381599
+5493644377552
+5493644411026
+5493644305925
+5493644114299
+5493644373162
+5493644388501
+5493644445109
+5493644401335
+5493644389503
+5493644384785
+5493644211932
+5493644129048
